{
 "cells": [
  {
   "cell_type": "markdown",
   "id": "4c973f1d",
   "metadata": {},
   "source": [
    "# Clusterização do DataFrame 'Car Sales'"
   ]
  },
  {
   "cell_type": "markdown",
   "id": "8bac26ab",
   "metadata": {},
   "source": [
    "### Sobre os dados"
   ]
  },
  {
   "cell_type": "markdown",
   "id": "0ea2418d",
   "metadata": {},
   "source": [
    "O DataFrame Car Sales está no formato .csv e contém informações técnicas sobre veículos de diversas marcas, assim como seu valor de mercado, valor de revenda, unidades vendidas, entre outros. Uma base de dados robusta e repleta de opções para utilizar algoritmos de clusterização."
   ]
  },
  {
   "cell_type": "markdown",
   "id": "28b62201",
   "metadata": {},
   "source": [
    "### Proposta"
   ]
  },
  {
   "cell_type": "markdown",
   "id": "1bdd0976",
   "metadata": {},
   "source": [
    "Minha proposta com este trabalho é efetuar a clusterização dos dados utilizando os métodos PCA (Principal Component Analysis) e  DSCAN (Density-Based Spatial Clustering of Applications with Noise).\n",
    "\n",
    "Dentre os meus objetivos neste estudo, destaco: \n",
    "\n",
    "- Utilizar bibliotecas voltadas para machine learning a fim de me familiarizar com algoritmos de clusterização\n",
    "- Efetivamente promover a clusterização da base de dados através dos algoritmos acima citados\n",
    "- Usar o resultado do agrupamento para extrair insights sobre a base de dados"
   ]
  },
  {
   "cell_type": "markdown",
   "id": "e4518b67",
   "metadata": {},
   "source": [
    "### Mãos à obra"
   ]
  },
  {
   "cell_type": "code",
   "execution_count": 1,
   "id": "16ee8edb",
   "metadata": {},
   "outputs": [],
   "source": [
    "#IMPORTAÇÃO DE PACOTES\n",
    "\n",
    "import pandas as pd\n",
    "import numpy as np\n",
    "import matplotlib.pyplot as plt\n",
    "import plotly.express as px\n",
    "from sklearn.preprocessing import StandardScaler\n",
    "from sklearn.cluster import KMeans\n",
    "from sklearn.decomposition import PCA\n",
    "from sklearn.impute import SimpleImputer\n",
    "from sklearn.cluster import DBSCAN"
   ]
  },
  {
   "cell_type": "markdown",
   "id": "3f3c9beb",
   "metadata": {},
   "source": [
    "### 1 - Preparação dos Dados"
   ]
  },
  {
   "cell_type": "markdown",
   "id": "f8c4e8e3",
   "metadata": {},
   "source": [
    "### Coleta do Dados"
   ]
  },
  {
   "cell_type": "code",
   "execution_count": 131,
   "id": "a47beb00",
   "metadata": {},
   "outputs": [],
   "source": [
    "#CARREGAMENTO DOS DADOS E DEFINIÇÃO DA VARIÁVEL CAR MODEL COMO INDEX\n",
    "\n",
    "data = pd.read_csv('S:\\_DataScience\\Car Sales - Kaggle\\Car_sales.csv', index_col = 1)\n",
    "data.index.name = None"
   ]
  },
  {
   "cell_type": "code",
   "execution_count": 132,
   "id": "f8d82e33",
   "metadata": {},
   "outputs": [
    {
     "data": {
      "text/html": [
       "<div>\n",
       "<style scoped>\n",
       "    .dataframe tbody tr th:only-of-type {\n",
       "        vertical-align: middle;\n",
       "    }\n",
       "\n",
       "    .dataframe tbody tr th {\n",
       "        vertical-align: top;\n",
       "    }\n",
       "\n",
       "    .dataframe thead th {\n",
       "        text-align: right;\n",
       "    }\n",
       "</style>\n",
       "<table border=\"1\" class=\"dataframe\">\n",
       "  <thead>\n",
       "    <tr style=\"text-align: right;\">\n",
       "      <th></th>\n",
       "      <th>Manufacturer</th>\n",
       "      <th>Sales_in_thousands</th>\n",
       "      <th>__year_resale_value</th>\n",
       "      <th>Vehicle_type</th>\n",
       "      <th>Price_in_thousands</th>\n",
       "      <th>Engine_size</th>\n",
       "      <th>Horsepower</th>\n",
       "      <th>Wheelbase</th>\n",
       "      <th>Width</th>\n",
       "      <th>Length</th>\n",
       "      <th>Curb_weight</th>\n",
       "      <th>Fuel_capacity</th>\n",
       "      <th>Fuel_efficiency</th>\n",
       "      <th>Latest_Launch</th>\n",
       "      <th>Power_perf_factor</th>\n",
       "    </tr>\n",
       "  </thead>\n",
       "  <tbody>\n",
       "    <tr>\n",
       "      <th>Integra</th>\n",
       "      <td>Acura</td>\n",
       "      <td>16.919</td>\n",
       "      <td>16.36</td>\n",
       "      <td>Passenger</td>\n",
       "      <td>21.5</td>\n",
       "      <td>1.8</td>\n",
       "      <td>140.0</td>\n",
       "      <td>101.2</td>\n",
       "      <td>67.3</td>\n",
       "      <td>172.4</td>\n",
       "      <td>2.639</td>\n",
       "      <td>13.2</td>\n",
       "      <td>28.0</td>\n",
       "      <td>2/2/2012</td>\n",
       "      <td>58.28015</td>\n",
       "    </tr>\n",
       "  </tbody>\n",
       "</table>\n",
       "</div>"
      ],
      "text/plain": [
       "        Manufacturer  Sales_in_thousands  __year_resale_value Vehicle_type  \\\n",
       "Integra        Acura              16.919                16.36    Passenger   \n",
       "\n",
       "         Price_in_thousands  Engine_size  Horsepower  Wheelbase  Width  \\\n",
       "Integra                21.5          1.8       140.0      101.2   67.3   \n",
       "\n",
       "         Length  Curb_weight  Fuel_capacity  Fuel_efficiency Latest_Launch  \\\n",
       "Integra   172.4        2.639           13.2             28.0      2/2/2012   \n",
       "\n",
       "         Power_perf_factor  \n",
       "Integra           58.28015  "
      ]
     },
     "execution_count": 132,
     "metadata": {},
     "output_type": "execute_result"
    }
   ],
   "source": [
    "# VERIFICAÇÃO DAS VARIÁVEIS DA BASE DE DADOS\n",
    "data.head(1)"
   ]
  },
  {
   "cell_type": "code",
   "execution_count": 133,
   "id": "370fe3ac",
   "metadata": {},
   "outputs": [
    {
     "data": {
      "text/plain": [
       "Index(['Manufacturer', 'Sales_in_thousands', '__year_resale_value',\n",
       "       'Vehicle_type', 'Price_in_thousands', 'Engine_size', 'Horsepower',\n",
       "       'Wheelbase', 'Width', 'Length', 'Curb_weight', 'Fuel_capacity',\n",
       "       'Fuel_efficiency', 'Latest_Launch', 'Power_perf_factor'],\n",
       "      dtype='object')"
      ]
     },
     "execution_count": 133,
     "metadata": {},
     "output_type": "execute_result"
    }
   ],
   "source": [
    "# IMPRESSÃO DO NOME DAS COLUNAS DA BASE DE DADOS\n",
    "data.columns"
   ]
  },
  {
   "cell_type": "code",
   "execution_count": 134,
   "id": "1e684619",
   "metadata": {
    "scrolled": false
   },
   "outputs": [
    {
     "name": "stdout",
     "output_type": "stream",
     "text": [
      "<class 'pandas.core.frame.DataFrame'>\n",
      "Index: 157 entries, Integra to S80\n",
      "Data columns (total 15 columns):\n",
      " #   Column               Non-Null Count  Dtype  \n",
      "---  ------               --------------  -----  \n",
      " 0   Manufacturer         157 non-null    object \n",
      " 1   Sales_in_thousands   157 non-null    float64\n",
      " 2   __year_resale_value  121 non-null    float64\n",
      " 3   Vehicle_type         157 non-null    object \n",
      " 4   Price_in_thousands   155 non-null    float64\n",
      " 5   Engine_size          156 non-null    float64\n",
      " 6   Horsepower           156 non-null    float64\n",
      " 7   Wheelbase            156 non-null    float64\n",
      " 8   Width                156 non-null    float64\n",
      " 9   Length               156 non-null    float64\n",
      " 10  Curb_weight          155 non-null    float64\n",
      " 11  Fuel_capacity        156 non-null    float64\n",
      " 12  Fuel_efficiency      154 non-null    float64\n",
      " 13  Latest_Launch        157 non-null    object \n",
      " 14  Power_perf_factor    155 non-null    float64\n",
      "dtypes: float64(12), object(3)\n",
      "memory usage: 19.6+ KB\n"
     ]
    }
   ],
   "source": [
    "# VERIFICANDO SE TODOS OS VALORES ESTÃO COMPLETOS OU TENHO VALORES NULOS\n",
    "data.info()"
   ]
  },
  {
   "cell_type": "code",
   "execution_count": 135,
   "id": "c08d7c3f",
   "metadata": {},
   "outputs": [
    {
     "name": "stdout",
     "output_type": "stream",
     "text": [
      "Passenger\n",
      "Car\n"
     ]
    }
   ],
   "source": [
    "# VERIFICANDO A RELEVÂNCIA DA VARIÁVEL VEHICLE TYPE\n",
    "unique_type = data['Vehicle_type'].unique()\n",
    "\n",
    "for i in unique_type:\n",
    "    print(i)"
   ]
  },
  {
   "cell_type": "markdown",
   "id": "e589bd0a",
   "metadata": {},
   "source": [
    "Por se tratar de uma variável qualitativa com apenas dois valores irrelevantes, Vehicle Type não fará nenhuma diferença no estudo"
   ]
  },
  {
   "cell_type": "markdown",
   "id": "cbef89b9",
   "metadata": {},
   "source": [
    "### Limpeza dos Dados"
   ]
  },
  {
   "cell_type": "code",
   "execution_count": 136,
   "id": "9ad8eb77",
   "metadata": {},
   "outputs": [],
   "source": [
    "# PREENCHENDO AS OBSERVAÇÕES NULAS COM A MÉDIA DAS VARIÁVEIS PARA PODER APLICAR MODELO DE CLUSTERIZAÇÃO\n",
    "columns_to_fill = ['__year_resale_value', 'Price_in_thousands', 'Engine_size', 'Horsepower', 'Wheelbase', 'Width', 'Length', 'Fuel_capacity', 'Fuel_efficiency', 'Power_perf_factor']\n",
    "\n",
    "imputer = SimpleImputer(strategy='mean')\n",
    "\n",
    "for column in columns_to_fill:\n",
    "    data[column] = imputer.fit_transform(data[[column]])"
   ]
  },
  {
   "cell_type": "code",
   "execution_count": 137,
   "id": "4eae72ad",
   "metadata": {
    "scrolled": false
   },
   "outputs": [
    {
     "name": "stdout",
     "output_type": "stream",
     "text": [
      "<class 'pandas.core.frame.DataFrame'>\n",
      "Index: 157 entries, Integra to S80\n",
      "Data columns (total 15 columns):\n",
      " #   Column               Non-Null Count  Dtype  \n",
      "---  ------               --------------  -----  \n",
      " 0   Manufacturer         157 non-null    object \n",
      " 1   Sales_in_thousands   157 non-null    float64\n",
      " 2   __year_resale_value  157 non-null    float64\n",
      " 3   Vehicle_type         157 non-null    object \n",
      " 4   Price_in_thousands   157 non-null    float64\n",
      " 5   Engine_size          157 non-null    float64\n",
      " 6   Horsepower           157 non-null    float64\n",
      " 7   Wheelbase            157 non-null    float64\n",
      " 8   Width                157 non-null    float64\n",
      " 9   Length               157 non-null    float64\n",
      " 10  Curb_weight          155 non-null    float64\n",
      " 11  Fuel_capacity        157 non-null    float64\n",
      " 12  Fuel_efficiency      157 non-null    float64\n",
      " 13  Latest_Launch        157 non-null    object \n",
      " 14  Power_perf_factor    157 non-null    float64\n",
      "dtypes: float64(12), object(3)\n",
      "memory usage: 19.6+ KB\n"
     ]
    }
   ],
   "source": [
    "data.info()"
   ]
  },
  {
   "cell_type": "code",
   "execution_count": 138,
   "id": "fbdd2666",
   "metadata": {},
   "outputs": [],
   "source": [
    "#ADICIONANDO A MÉDIA DO VALOR DAS OBSERVAÇÕES DA VARIÁVEL Curb_Weight PARA AS OBSERVAÇÕES NÃO NULAS, MAS SEM VALOR DECIMAL\n",
    "data['Curb_weight'].fillna(data['Curb_weight'].mean(), inplace=True)"
   ]
  },
  {
   "cell_type": "markdown",
   "id": "3b6f755b",
   "metadata": {},
   "source": [
    "Para esta análise, não irei trabalhar com nenhuma variável qualitativa pois não representam nenhuma grande diferença nos meus dados. O modelo de cada veículo será utilizado apenas como rótulo para as análises. A fabricante, assim como o tipo de veículo, que se resume nos tipos 'carro' e 'passageiro', não trazem nada significativo para este estudo de clusterização. "
   ]
  },
  {
   "cell_type": "markdown",
   "id": "7814f4e7",
   "metadata": {},
   "source": [
    "### Transformação dos Dados"
   ]
  },
  {
   "cell_type": "code",
   "execution_count": 139,
   "id": "5be1f651",
   "metadata": {},
   "outputs": [],
   "source": [
    "# CRIANDO UM NOVO DATASET COM AS VARIÁVEIS QUANTITATIVAS\n",
    "\n",
    "data_quanti = data.copy()\n",
    "data_quanti = data.iloc[:,[1,2,4,5,6,7,8,9,10,11,12,14]]"
   ]
  },
  {
   "cell_type": "code",
   "execution_count": 140,
   "id": "f89cd24f",
   "metadata": {
    "scrolled": true
   },
   "outputs": [
    {
     "data": {
      "text/html": [
       "<div>\n",
       "<style scoped>\n",
       "    .dataframe tbody tr th:only-of-type {\n",
       "        vertical-align: middle;\n",
       "    }\n",
       "\n",
       "    .dataframe tbody tr th {\n",
       "        vertical-align: top;\n",
       "    }\n",
       "\n",
       "    .dataframe thead th {\n",
       "        text-align: right;\n",
       "    }\n",
       "</style>\n",
       "<table border=\"1\" class=\"dataframe\">\n",
       "  <thead>\n",
       "    <tr style=\"text-align: right;\">\n",
       "      <th></th>\n",
       "      <th>Sales_in_thousands</th>\n",
       "      <th>__year_resale_value</th>\n",
       "      <th>Price_in_thousands</th>\n",
       "      <th>Engine_size</th>\n",
       "      <th>Horsepower</th>\n",
       "      <th>Wheelbase</th>\n",
       "      <th>Width</th>\n",
       "      <th>Length</th>\n",
       "      <th>Curb_weight</th>\n",
       "      <th>Fuel_capacity</th>\n",
       "      <th>Fuel_efficiency</th>\n",
       "      <th>Power_perf_factor</th>\n",
       "    </tr>\n",
       "  </thead>\n",
       "  <tbody>\n",
       "    <tr>\n",
       "      <th>Integra</th>\n",
       "      <td>16.919</td>\n",
       "      <td>16.360</td>\n",
       "      <td>21.500000</td>\n",
       "      <td>1.8</td>\n",
       "      <td>140.0</td>\n",
       "      <td>101.2</td>\n",
       "      <td>67.3</td>\n",
       "      <td>172.4</td>\n",
       "      <td>2.639</td>\n",
       "      <td>13.2</td>\n",
       "      <td>28.0</td>\n",
       "      <td>58.280150</td>\n",
       "    </tr>\n",
       "    <tr>\n",
       "      <th>TL</th>\n",
       "      <td>39.384</td>\n",
       "      <td>19.875</td>\n",
       "      <td>28.400000</td>\n",
       "      <td>3.2</td>\n",
       "      <td>225.0</td>\n",
       "      <td>108.1</td>\n",
       "      <td>70.3</td>\n",
       "      <td>192.9</td>\n",
       "      <td>3.517</td>\n",
       "      <td>17.2</td>\n",
       "      <td>25.0</td>\n",
       "      <td>91.370778</td>\n",
       "    </tr>\n",
       "    <tr>\n",
       "      <th>CL</th>\n",
       "      <td>14.114</td>\n",
       "      <td>18.225</td>\n",
       "      <td>27.390755</td>\n",
       "      <td>3.2</td>\n",
       "      <td>225.0</td>\n",
       "      <td>106.9</td>\n",
       "      <td>70.6</td>\n",
       "      <td>192.0</td>\n",
       "      <td>3.470</td>\n",
       "      <td>17.2</td>\n",
       "      <td>26.0</td>\n",
       "      <td>77.043591</td>\n",
       "    </tr>\n",
       "    <tr>\n",
       "      <th>RL</th>\n",
       "      <td>8.588</td>\n",
       "      <td>29.725</td>\n",
       "      <td>42.000000</td>\n",
       "      <td>3.5</td>\n",
       "      <td>210.0</td>\n",
       "      <td>114.6</td>\n",
       "      <td>71.4</td>\n",
       "      <td>196.6</td>\n",
       "      <td>3.850</td>\n",
       "      <td>18.0</td>\n",
       "      <td>22.0</td>\n",
       "      <td>91.389779</td>\n",
       "    </tr>\n",
       "    <tr>\n",
       "      <th>A4</th>\n",
       "      <td>20.397</td>\n",
       "      <td>22.255</td>\n",
       "      <td>23.990000</td>\n",
       "      <td>1.8</td>\n",
       "      <td>150.0</td>\n",
       "      <td>102.6</td>\n",
       "      <td>68.2</td>\n",
       "      <td>178.0</td>\n",
       "      <td>2.998</td>\n",
       "      <td>16.4</td>\n",
       "      <td>27.0</td>\n",
       "      <td>62.777639</td>\n",
       "    </tr>\n",
       "  </tbody>\n",
       "</table>\n",
       "</div>"
      ],
      "text/plain": [
       "         Sales_in_thousands  __year_resale_value  Price_in_thousands  \\\n",
       "Integra              16.919               16.360           21.500000   \n",
       "TL                   39.384               19.875           28.400000   \n",
       "CL                   14.114               18.225           27.390755   \n",
       "RL                    8.588               29.725           42.000000   \n",
       "A4                   20.397               22.255           23.990000   \n",
       "\n",
       "         Engine_size  Horsepower  Wheelbase  Width  Length  Curb_weight  \\\n",
       "Integra          1.8       140.0      101.2   67.3   172.4        2.639   \n",
       "TL               3.2       225.0      108.1   70.3   192.9        3.517   \n",
       "CL               3.2       225.0      106.9   70.6   192.0        3.470   \n",
       "RL               3.5       210.0      114.6   71.4   196.6        3.850   \n",
       "A4               1.8       150.0      102.6   68.2   178.0        2.998   \n",
       "\n",
       "         Fuel_capacity  Fuel_efficiency  Power_perf_factor  \n",
       "Integra           13.2             28.0          58.280150  \n",
       "TL                17.2             25.0          91.370778  \n",
       "CL                17.2             26.0          77.043591  \n",
       "RL                18.0             22.0          91.389779  \n",
       "A4                16.4             27.0          62.777639  "
      ]
     },
     "execution_count": 140,
     "metadata": {},
     "output_type": "execute_result"
    }
   ],
   "source": [
    "data_quanti.head()"
   ]
  },
  {
   "cell_type": "markdown",
   "id": "ee92dfe3",
   "metadata": {},
   "source": [
    "### Gráfico de Correlação"
   ]
  },
  {
   "cell_type": "code",
   "execution_count": 141,
   "id": "175aa0db",
   "metadata": {},
   "outputs": [
    {
     "data": {
      "application/vnd.plotly.v1+json": {
       "config": {
        "plotlyServerURL": "https://plot.ly"
       },
       "data": [
        {
         "coloraxis": "coloraxis",
         "hovertemplate": "x: %{x}<br>y: %{y}<br>color: %{z}<extra></extra>",
         "name": "0",
         "type": "heatmap",
         "x": [
          "Sales_in_thousands",
          "__year_resale_value",
          "Price_in_thousands",
          "Engine_size",
          "Horsepower",
          "Wheelbase",
          "Width",
          "Length",
          "Curb_weight",
          "Fuel_capacity",
          "Fuel_efficiency",
          "Power_perf_factor"
         ],
         "xaxis": "x",
         "y": [
          "Sales_in_thousands",
          "__year_resale_value",
          "Price_in_thousands",
          "Engine_size",
          "Horsepower",
          "Wheelbase",
          "Width",
          "Length",
          "Curb_weight",
          "Fuel_capacity",
          "Fuel_efficiency",
          "Power_perf_factor"
         ],
         "yaxis": "y",
         "z": [
          [
           1,
           -0.2664355015987471,
           -0.3044131349798335,
           0.019983192772739276,
           -0.19775621520811673,
           0.3581790435129778,
           0.14091829590970956,
           0.2549794969373628,
           0.008619784333430854,
           0.08653963157560289,
           -0.01674743732853074,
           -0.22301697094649753
          ],
          [
           -0.2664355015987471,
           1,
           0.8223948902191838,
           0.4687810977099568,
           0.6968880311827176,
           -0.04780264788289436,
           0.15958012487201262,
           0.02386714417955231,
           0.29712962404264665,
           0.27502589723704,
           -0.35813692382639095,
           0.7437831605226495
          ],
          [
           -0.3044131349798335,
           0.8223948902191838,
           1,
           0.6268386650789822,
           0.8384499277869085,
           0.11051112032214219,
           0.3291092258787028,
           0.15687403462701774,
           0.5237526514647436,
           0.4232302094443268,
           -0.49148885300911466,
           0.8979453074056738
          ],
          [
           0.019983192772739276,
           0.4687810977099568,
           0.6268386650789822,
           1,
           0.8373597720234492,
           0.4721304209469804,
           0.690397942540623,
           0.541424213498556,
           0.7546677716467246,
           0.66302184704432,
           -0.7339200335658415,
           0.8184805639929121
          ],
          [
           -0.19775621520811673,
           0.6968880311827176,
           0.8384499277869085,
           0.8373597720234492,
           1,
           0.2863080817443226,
           0.5391577376382382,
           0.3933635203202275,
           0.6052256466689409,
           0.4999069538183485,
           -0.6106476040090654,
           0.9914640417297381
          ],
          [
           0.3581790435129778,
           -0.04780264788289436,
           0.11051112032214219,
           0.4721304209469804,
           0.2863080817443226,
           1,
           0.6831345713969165,
           0.8396389591096456,
           0.6502112080229873,
           0.6540443785857558,
           -0.4970227869441524,
           0.2588466806141138
          ],
          [
           0.14091829590970956,
           0.15958012487201262,
           0.3291092258787028,
           0.690397942540623,
           0.5391577376382382,
           0.6831345713969165,
           1,
           0.7104348902288126,
           0.7180096103707604,
           0.6563017892303767,
           -0.5994650976930265,
           0.5119823541733581
          ],
          [
           0.2549794969373628,
           0.02386714417955231,
           0.15687403462701774,
           0.541424213498556,
           0.3933635203202275,
           0.8396389591096456,
           0.7104348902288126,
           1,
           0.6250547698302324,
           0.5635397257032118,
           -0.4439933684934209,
           0.3539563907864324
          ],
          [
           0.008619784333430854,
           0.29712962404264665,
           0.5237526514647436,
           0.7546677716467246,
           0.6052256466689409,
           0.6502112080229873,
           0.7180096103707604,
           0.6250547698302324,
           1,
           0.863912209386663,
           -0.8177844856736003,
           0.6073115061356914
          ],
          [
           0.08653963157560289,
           0.27502589723704,
           0.4232302094443268,
           0.66302184704432,
           0.4999069538183485,
           0.6540443785857558,
           0.6563017892303767,
           0.5635397257032118,
           0.863912209386663,
           1,
           -0.8013551985331705,
           0.501122727089475
          ],
          [
           -0.01674743732853074,
           -0.35813692382639095,
           -0.49148885300911466,
           -0.7339200335658415,
           -0.6106476040090654,
           -0.4970227869441524,
           -0.5994650976930265,
           -0.4439933684934209,
           -0.8177844856736003,
           -0.8013551985331705,
           1,
           -0.606663719641894
          ],
          [
           -0.22301697094649753,
           0.7437831605226495,
           0.8979453074056738,
           0.8184805639929121,
           0.9914640417297381,
           0.2588466806141138,
           0.5119823541733581,
           0.3539563907864324,
           0.6073115061356914,
           0.501122727089475,
           -0.606663719641894,
           1
          ]
         ]
        }
       ],
       "layout": {
        "coloraxis": {
         "colorscale": [
          [
           0,
           "#0d0887"
          ],
          [
           0.1111111111111111,
           "#46039f"
          ],
          [
           0.2222222222222222,
           "#7201a8"
          ],
          [
           0.3333333333333333,
           "#9c179e"
          ],
          [
           0.4444444444444444,
           "#bd3786"
          ],
          [
           0.5555555555555556,
           "#d8576b"
          ],
          [
           0.6666666666666666,
           "#ed7953"
          ],
          [
           0.7777777777777778,
           "#fb9f3a"
          ],
          [
           0.8888888888888888,
           "#fdca26"
          ],
          [
           1,
           "#f0f921"
          ]
         ]
        },
        "margin": {
         "t": 60
        },
        "template": {
         "data": {
          "bar": [
           {
            "error_x": {
             "color": "#2a3f5f"
            },
            "error_y": {
             "color": "#2a3f5f"
            },
            "marker": {
             "line": {
              "color": "#E5ECF6",
              "width": 0.5
             },
             "pattern": {
              "fillmode": "overlay",
              "size": 10,
              "solidity": 0.2
             }
            },
            "type": "bar"
           }
          ],
          "barpolar": [
           {
            "marker": {
             "line": {
              "color": "#E5ECF6",
              "width": 0.5
             },
             "pattern": {
              "fillmode": "overlay",
              "size": 10,
              "solidity": 0.2
             }
            },
            "type": "barpolar"
           }
          ],
          "carpet": [
           {
            "aaxis": {
             "endlinecolor": "#2a3f5f",
             "gridcolor": "white",
             "linecolor": "white",
             "minorgridcolor": "white",
             "startlinecolor": "#2a3f5f"
            },
            "baxis": {
             "endlinecolor": "#2a3f5f",
             "gridcolor": "white",
             "linecolor": "white",
             "minorgridcolor": "white",
             "startlinecolor": "#2a3f5f"
            },
            "type": "carpet"
           }
          ],
          "choropleth": [
           {
            "colorbar": {
             "outlinewidth": 0,
             "ticks": ""
            },
            "type": "choropleth"
           }
          ],
          "contour": [
           {
            "colorbar": {
             "outlinewidth": 0,
             "ticks": ""
            },
            "colorscale": [
             [
              0,
              "#0d0887"
             ],
             [
              0.1111111111111111,
              "#46039f"
             ],
             [
              0.2222222222222222,
              "#7201a8"
             ],
             [
              0.3333333333333333,
              "#9c179e"
             ],
             [
              0.4444444444444444,
              "#bd3786"
             ],
             [
              0.5555555555555556,
              "#d8576b"
             ],
             [
              0.6666666666666666,
              "#ed7953"
             ],
             [
              0.7777777777777778,
              "#fb9f3a"
             ],
             [
              0.8888888888888888,
              "#fdca26"
             ],
             [
              1,
              "#f0f921"
             ]
            ],
            "type": "contour"
           }
          ],
          "contourcarpet": [
           {
            "colorbar": {
             "outlinewidth": 0,
             "ticks": ""
            },
            "type": "contourcarpet"
           }
          ],
          "heatmap": [
           {
            "colorbar": {
             "outlinewidth": 0,
             "ticks": ""
            },
            "colorscale": [
             [
              0,
              "#0d0887"
             ],
             [
              0.1111111111111111,
              "#46039f"
             ],
             [
              0.2222222222222222,
              "#7201a8"
             ],
             [
              0.3333333333333333,
              "#9c179e"
             ],
             [
              0.4444444444444444,
              "#bd3786"
             ],
             [
              0.5555555555555556,
              "#d8576b"
             ],
             [
              0.6666666666666666,
              "#ed7953"
             ],
             [
              0.7777777777777778,
              "#fb9f3a"
             ],
             [
              0.8888888888888888,
              "#fdca26"
             ],
             [
              1,
              "#f0f921"
             ]
            ],
            "type": "heatmap"
           }
          ],
          "heatmapgl": [
           {
            "colorbar": {
             "outlinewidth": 0,
             "ticks": ""
            },
            "colorscale": [
             [
              0,
              "#0d0887"
             ],
             [
              0.1111111111111111,
              "#46039f"
             ],
             [
              0.2222222222222222,
              "#7201a8"
             ],
             [
              0.3333333333333333,
              "#9c179e"
             ],
             [
              0.4444444444444444,
              "#bd3786"
             ],
             [
              0.5555555555555556,
              "#d8576b"
             ],
             [
              0.6666666666666666,
              "#ed7953"
             ],
             [
              0.7777777777777778,
              "#fb9f3a"
             ],
             [
              0.8888888888888888,
              "#fdca26"
             ],
             [
              1,
              "#f0f921"
             ]
            ],
            "type": "heatmapgl"
           }
          ],
          "histogram": [
           {
            "marker": {
             "pattern": {
              "fillmode": "overlay",
              "size": 10,
              "solidity": 0.2
             }
            },
            "type": "histogram"
           }
          ],
          "histogram2d": [
           {
            "colorbar": {
             "outlinewidth": 0,
             "ticks": ""
            },
            "colorscale": [
             [
              0,
              "#0d0887"
             ],
             [
              0.1111111111111111,
              "#46039f"
             ],
             [
              0.2222222222222222,
              "#7201a8"
             ],
             [
              0.3333333333333333,
              "#9c179e"
             ],
             [
              0.4444444444444444,
              "#bd3786"
             ],
             [
              0.5555555555555556,
              "#d8576b"
             ],
             [
              0.6666666666666666,
              "#ed7953"
             ],
             [
              0.7777777777777778,
              "#fb9f3a"
             ],
             [
              0.8888888888888888,
              "#fdca26"
             ],
             [
              1,
              "#f0f921"
             ]
            ],
            "type": "histogram2d"
           }
          ],
          "histogram2dcontour": [
           {
            "colorbar": {
             "outlinewidth": 0,
             "ticks": ""
            },
            "colorscale": [
             [
              0,
              "#0d0887"
             ],
             [
              0.1111111111111111,
              "#46039f"
             ],
             [
              0.2222222222222222,
              "#7201a8"
             ],
             [
              0.3333333333333333,
              "#9c179e"
             ],
             [
              0.4444444444444444,
              "#bd3786"
             ],
             [
              0.5555555555555556,
              "#d8576b"
             ],
             [
              0.6666666666666666,
              "#ed7953"
             ],
             [
              0.7777777777777778,
              "#fb9f3a"
             ],
             [
              0.8888888888888888,
              "#fdca26"
             ],
             [
              1,
              "#f0f921"
             ]
            ],
            "type": "histogram2dcontour"
           }
          ],
          "mesh3d": [
           {
            "colorbar": {
             "outlinewidth": 0,
             "ticks": ""
            },
            "type": "mesh3d"
           }
          ],
          "parcoords": [
           {
            "line": {
             "colorbar": {
              "outlinewidth": 0,
              "ticks": ""
             }
            },
            "type": "parcoords"
           }
          ],
          "pie": [
           {
            "automargin": true,
            "type": "pie"
           }
          ],
          "scatter": [
           {
            "fillpattern": {
             "fillmode": "overlay",
             "size": 10,
             "solidity": 0.2
            },
            "type": "scatter"
           }
          ],
          "scatter3d": [
           {
            "line": {
             "colorbar": {
              "outlinewidth": 0,
              "ticks": ""
             }
            },
            "marker": {
             "colorbar": {
              "outlinewidth": 0,
              "ticks": ""
             }
            },
            "type": "scatter3d"
           }
          ],
          "scattercarpet": [
           {
            "marker": {
             "colorbar": {
              "outlinewidth": 0,
              "ticks": ""
             }
            },
            "type": "scattercarpet"
           }
          ],
          "scattergeo": [
           {
            "marker": {
             "colorbar": {
              "outlinewidth": 0,
              "ticks": ""
             }
            },
            "type": "scattergeo"
           }
          ],
          "scattergl": [
           {
            "marker": {
             "colorbar": {
              "outlinewidth": 0,
              "ticks": ""
             }
            },
            "type": "scattergl"
           }
          ],
          "scattermapbox": [
           {
            "marker": {
             "colorbar": {
              "outlinewidth": 0,
              "ticks": ""
             }
            },
            "type": "scattermapbox"
           }
          ],
          "scatterpolar": [
           {
            "marker": {
             "colorbar": {
              "outlinewidth": 0,
              "ticks": ""
             }
            },
            "type": "scatterpolar"
           }
          ],
          "scatterpolargl": [
           {
            "marker": {
             "colorbar": {
              "outlinewidth": 0,
              "ticks": ""
             }
            },
            "type": "scatterpolargl"
           }
          ],
          "scatterternary": [
           {
            "marker": {
             "colorbar": {
              "outlinewidth": 0,
              "ticks": ""
             }
            },
            "type": "scatterternary"
           }
          ],
          "surface": [
           {
            "colorbar": {
             "outlinewidth": 0,
             "ticks": ""
            },
            "colorscale": [
             [
              0,
              "#0d0887"
             ],
             [
              0.1111111111111111,
              "#46039f"
             ],
             [
              0.2222222222222222,
              "#7201a8"
             ],
             [
              0.3333333333333333,
              "#9c179e"
             ],
             [
              0.4444444444444444,
              "#bd3786"
             ],
             [
              0.5555555555555556,
              "#d8576b"
             ],
             [
              0.6666666666666666,
              "#ed7953"
             ],
             [
              0.7777777777777778,
              "#fb9f3a"
             ],
             [
              0.8888888888888888,
              "#fdca26"
             ],
             [
              1,
              "#f0f921"
             ]
            ],
            "type": "surface"
           }
          ],
          "table": [
           {
            "cells": {
             "fill": {
              "color": "#EBF0F8"
             },
             "line": {
              "color": "white"
             }
            },
            "header": {
             "fill": {
              "color": "#C8D4E3"
             },
             "line": {
              "color": "white"
             }
            },
            "type": "table"
           }
          ]
         },
         "layout": {
          "annotationdefaults": {
           "arrowcolor": "#2a3f5f",
           "arrowhead": 0,
           "arrowwidth": 1
          },
          "autotypenumbers": "strict",
          "coloraxis": {
           "colorbar": {
            "outlinewidth": 0,
            "ticks": ""
           }
          },
          "colorscale": {
           "diverging": [
            [
             0,
             "#8e0152"
            ],
            [
             0.1,
             "#c51b7d"
            ],
            [
             0.2,
             "#de77ae"
            ],
            [
             0.3,
             "#f1b6da"
            ],
            [
             0.4,
             "#fde0ef"
            ],
            [
             0.5,
             "#f7f7f7"
            ],
            [
             0.6,
             "#e6f5d0"
            ],
            [
             0.7,
             "#b8e186"
            ],
            [
             0.8,
             "#7fbc41"
            ],
            [
             0.9,
             "#4d9221"
            ],
            [
             1,
             "#276419"
            ]
           ],
           "sequential": [
            [
             0,
             "#0d0887"
            ],
            [
             0.1111111111111111,
             "#46039f"
            ],
            [
             0.2222222222222222,
             "#7201a8"
            ],
            [
             0.3333333333333333,
             "#9c179e"
            ],
            [
             0.4444444444444444,
             "#bd3786"
            ],
            [
             0.5555555555555556,
             "#d8576b"
            ],
            [
             0.6666666666666666,
             "#ed7953"
            ],
            [
             0.7777777777777778,
             "#fb9f3a"
            ],
            [
             0.8888888888888888,
             "#fdca26"
            ],
            [
             1,
             "#f0f921"
            ]
           ],
           "sequentialminus": [
            [
             0,
             "#0d0887"
            ],
            [
             0.1111111111111111,
             "#46039f"
            ],
            [
             0.2222222222222222,
             "#7201a8"
            ],
            [
             0.3333333333333333,
             "#9c179e"
            ],
            [
             0.4444444444444444,
             "#bd3786"
            ],
            [
             0.5555555555555556,
             "#d8576b"
            ],
            [
             0.6666666666666666,
             "#ed7953"
            ],
            [
             0.7777777777777778,
             "#fb9f3a"
            ],
            [
             0.8888888888888888,
             "#fdca26"
            ],
            [
             1,
             "#f0f921"
            ]
           ]
          },
          "colorway": [
           "#636efa",
           "#EF553B",
           "#00cc96",
           "#ab63fa",
           "#FFA15A",
           "#19d3f3",
           "#FF6692",
           "#B6E880",
           "#FF97FF",
           "#FECB52"
          ],
          "font": {
           "color": "#2a3f5f"
          },
          "geo": {
           "bgcolor": "white",
           "lakecolor": "white",
           "landcolor": "#E5ECF6",
           "showlakes": true,
           "showland": true,
           "subunitcolor": "white"
          },
          "hoverlabel": {
           "align": "left"
          },
          "hovermode": "closest",
          "mapbox": {
           "style": "light"
          },
